007335279,
008556818,
010626395,
012292664,
012913438,
013881660,
014066145,
021927058,
022747925,
023020449,
023911640,
026838207,
027296972,
035912883,
036565351,
037686007,
041801776,
045217884,
045499323,
046434761,
047168310,
047259483,
047287438,
050308222,
053643993,
053831601,
053851279,
055197070,
055405720,
056443555,
056975817,
057176766,
058007816,
058197455,
061103053,
062523311,
065476882,
066176926,
066344798,
066522846,
067330242,
067716624,
067803650,
068178965,
068182389,
071096501,
071156729,
071525302,
072678411,
075158338,
075372362,
075373019,
077284389,
078894994,
079567840,
080824776,
081173405,
081231445,
081700401,
081857656,
083695350,
083951612,
084355976,
084572932,
084991111,
086443828,
088004437,
089113828,
089427023,
090208731,
090692327,
091588825,
091702540,
091875812,
092054065,
092558785,
092960653,
094187839,
094316810,
095355713,
095738698,
096715532,
097804179,
097909139,
098034975,
098128903,
098255177,
098297601,
098543968,
098885965,
1001074652,
100352399,
1006147673,
1006725946,
100689269,
1007467570,
1007842071,
1009551651,
101147137,
101193650,
101481278,
101658544,
101738915,
101858987,
102001563,
102072065,
102136811,
1021765583,
1022933590,
102325284,
102469086,
102600785,
102650034,
102820890,
1028527687,
1031093150,
1031407673,
103167581,
1032652016,
1033349726,
103460563,
103628166,
1036348243,
103780800,
104152652,
1041942573,
1044441856,
1044807003,
1045085829,
1045423018,
1046029466,
105082436,
105423142,
1055758644,
105733905,
105922399,
10626395,
106356472,
106373820,
106398115,
106524128,
106952004,
107017499,
107083326,
107090286,
107922801,
108219742,
108372306,
108483223,
108589208,
108735746,
109328427,
109883708,
109883718,
110118287,
110226428,
11035564,
110425463,
110438926,
110462457,
110580092,
110866619,
111128371,
111261946,
111579043,
112214776,
112622834,
112645354,
112887349,
112904120,
113015838,
113019557,
113195330,
113589486,
113828677,
113855799,
113942853,
114075452,
11448535,
114501226,
114626659,
114934757,
114937435,
114983637,
115172094,
115366757,
115544251,
116013457,
116255052,
116410047,
116430704,
116440206,
116453375,
116477706,
116650069,
116921519,
117062470,
117299120,
117573964,
117852885,
118083005,
118262853,
11832353,
118489708,
118524446,
118559452,
118682430,
119336742,
11936169,
119962710,
120088521,
120201309,
120581716,
120933476,
121424899,
121660132,
121686807,
122334224,
122362660,
122591840,
12292664,
123231962,
123496823,
123625994,
123791833,
124047454,
124326722,
124374250,
124438515,
124442861,
124449156,
124602116,
124642545,
124742996,
124874274,
124885985,
125085351,
125577403,
125810343,
125896603,
126124800,
126483023,
126686948,
126909387,
126923475,
127039864,
127290656,
12732841,
127492127,
128010905,
128188125,
128393446,
128528332,
128532137,
128637511,
128691204,
128777011,
128792203,
128802892,
128819488,
128931123,
128945619,
128976419,
129073294,
129134338,
12913438,
129471706,
130020248,
130121171,
130179736,
130197894,
130463349,
130486427,
130703389,
130853133,
131147126,
131237669,
131273155,
131451735,
131459710,
131548112,
131672555,
132049581,
132351872,
132573188,
132684151,
132905535,
132987204,
133300029,
133823155,
133902265,
134134899,
134135899,
134237543,
134515368,
134549846,
134572539,
134586082,
134678243,
134750342,
134903952,
135137835,
135421102,
135422030,
135454851,
135571580,
135626504,
135679987,
135975051,
136403990,
136460147,
136519198,
136539669,
136587132,
137078988,
137185773,
137354143,
137395630,
137483797,
137502797,
137542932,
137601946,
137670308,
137927916,
138000057,
13818043,
138497709,
138540656,
138596778,
138652794,
138700053,
13881660,
138899659,
138990086,
139457682,
139491234,
139625606,
139994345,
140010140,
140345241,
14066145,
140728516,
140803881,
140827430,
14089301,
140992462,
141073190,
141116276,
141203019,
141282749,
141348350,
141365645,
141742403,
141795341,
141798052,
141962760,
142179523,
142244190,
142320805,
142436272,
142531707,
142741964,
142752502,
142773851,
143013524,
143077271,
143306124,
143579462,
143581605,
143582261,
143646607,
143694718,
143787598,
143933292,
144223154,
144284128,
144297753,
145014137,
145209253,
145227454,
145230416,
145282100,
145325574,
145360538,
145363590,
145433128,
145787988,
145815680,
145942923,
145986459,
146094490,
146325019,
146543365,
146548781,
146591117,
146662486,
146793897,
146834517,
146925005,
147104704,
147192273,
147263151,
147317208,
147678663,
147721753,
147904555,
147908455,
148049678,
148071490,
148081177,
148110218,
148179815,
148353020,
148422450,
148571409,
148625695,
148647952,
148683531,
148961858,
148990370,
149318756,
149394890,
149526860,
149991581,
150015471,
150061529,
150155374,
150564073,
150591376,
150621658,
150654590,
150834059,
151001127,
151154811,
151509381,
151590904,
151726433,
152046599,
152103288,
152319259,
152355735,
152453598,
152498139,
152564675,
152577283,
152596528,
152598560,
152681210,
152926446,
153144382,
153178425,
153242962,
153252356,
153304477,
153367927,
153374578,
153517274,
153607415,
153950079,
154024897,
154326318,
154510673,
154541428,
154981969,
155265657,
155326820,
155365683,
15547007,
155769792,
155811307,
155811608,
156008425,
156083900,
156211185,
156328322,
156355432,
156603389,
156619524,
156670417,
156672160,
156792032,
156826088,
156844286,
156855216,
156876312,
157102926,
157280558,
157312181,
157361518,
15752061,
157608099,
157628737,
157694999,
157775095,
157876976,
158038447,
158086653,
158188634,
158216329,
158221645,
158643974,
158919882,
159244028,
159275750,
159360397,
159364985,
159391497,
159535873,
159569905,
159619428,
159691026,
159724780,
159783255,
159789976,
159879054,
159947618,
160101918,
160124793,
160426699,
160545486,
160657543,
160686877,
160784771,
160788622,
160914392,
161002093,
161053807,
161147817,
161159097,
161220258,
161221860,
161237015,
161309123,
161469827,
161497863,
161620054,
161728984,
161754787,
161794454,
161795119,
161927486,
162286512,
162326402,
162836547,
162892709,
163058536,
163189502,
163248439,
163327115,
163457277,
164340906,
164500953,
164536886,
164551867,
164626424,
16491511,
165156330,
165326094,
16534949,
165522903,
165643811,
165657454,
16570366,
165738873,
165801720,
165913691,
166072644,
166124351,
166248784,
166276735,
166283608,
166361224,
166400191,
166442181,
166514878,
166578526,
166610103,
166757437,
166851979,
166904913,
166987713,
167060309,
167242874,
167304697,
167386568,
167411208,
167545514,
167961262,
168071422,
168083696,
168828573,
168965402,
169121597,
169149523,
169376164,
169502057,
169613345,
169636995,
169699588,
169742831,
169895146,
169908966,
169928311,
170165273,
170259056,
170320624,
170356868,
170526363,
170630045,
170693740,
170851856,
171228735,
171426727,
171615674,
172123176,
172588121,
172619482,
172730230,
172767635,
172849262,
172914369,
172963083,
173003568,
173356962,
173360594,
173381165,
173383151,
173693223,
173805520,
173842636,
173867391,
173884275,
174006536,
174081201,
174225396,
174230922,
174416500,
174455142,
174706959,
174828708,
174909465,
175160134,
175169134,
175206041,
175466950,
175471831,
175624559,
175744386,
175800729,
175832663,
175996891,
176334425,
176345354,
176444952,
176770612,
176817790,
176821396,
176832015,
176840538,
176932067,
177193254,
177287023,
177547584,
177604480,
177667185,
177792065,
177841845,
177915635,
178310835,
178431201,
178566309,
178567879,
178626057,
178856781,
179033998,
179200551,
179221970,
179374560,
179398038,
179400514,
179614067,
179623286,
179744546,
179811587,
179870928,
180045081,
180196851,
180216145,
180249792,
180257831,
180271533,
180284395,
180345658,
180349065,
180475688,
180488971,
180541590,
180596992,
180727364,
180825440,
180868267,
180975911,
181191885,
181240822,
181270560,
181480044,
181480103,
181571702,
181883823,
182161005,
182589073,
182761633,
182857990,
182871272,
182986811,
183206247,
183413502,
183421411,
183684934,
183697582,
183787230,
183829599,
184013114,
184054144,
184343097,
184494191,
184557517,
184621303,
184633625,
184719168,
184968641,
184987227,
184989750,
185059622,
185231788,
185403627,
185583409,
185691280,
185703768,
185703769,
185812776,
185814856,
185911647,
186166577,
186547394,
186587427,
1866664469,
186836458,
187001919,
187008427,
187178969,
187275794,
187324611,
187625925,
187660603,
187792851,
187823177,
187857915,
187935363,
188001184,
188021610,
188121593,
188219104,
188532002,
188540532,
188544881,
188594093,
188655421,
188908337,
188915776,
188922140,
188995242,
189094323,
189221402,
189560506,
189606625,
189956507,
189982894,
190007471,
190205098,
190292825,
190340700,
190433951,
190491575,
190546461,
190598337,
190723956,
190724082,
190771247,
190824452,
190873587,
190953919,
190990840,
191017860,
191303159,
191533532,
191688513,
191757674,
191773525,
191871119,
192274511,
193223978,
193251778,
193362719,
193446022,
194017675,
194215975,
194306213,
194321911,
194751571,
195303113,
195357500,
195831710,
195932405,
196051753,
196340462,
196433207,
196498731,
196499937,
196579532,
197274511,
197628899,
197677966,
197704155,
197724672,
197774693,
197821105,
197947905,
198449267,
198452783,
198830339,
198890789,
198925586,
199327101,
199346309,
199512626,
199574951,
199885654,
200126859,
200178885,
200203790,
200461805,
200502138,
200582322,
200660308,
200710510,
200840805,
201154848,
201334085,
201366937,
201471963,
201724275,
202285747,
202408787,
202545351,
202650789,
202680271,
203281917,
203352878,
203394494,
203420710,
203676297,
203978887,
204082606,
204379207,
204494119,
204718725,
204858146,
205162365,
205451769,
205568560,
205673387,
205788979,
206367869,
206406528,
206464991,
206671924,
206912614,
207004422,
207040509,
207362895,
207598323,
20772388,
207857430,
208051430,
208108502,
208207135,
208239717,
208247812,
208556480,
208824186,
208946825,
208981299,
209055609,
209388922,
209495728,
210256118,
210279073,
210352928,
210382067,
210536222,
210543836,
210650423,
210754570,
210837856,
210900168,
211075497,
211377076,
211668413,
211901658,
211949259,
212045983,
212143524,
212144556,
212398200,
212533147,
212533347,
212811361,
212965957,
212971329,
213030821,
213295689,
213389510,
213440302,
213696246,
213705476,
213792644,
213967826,
213993586,
214080808,
214147899,
214502112,
215327233,
215335811,
215398453,
215407629,
215424027,
215785053,
215805001,
215952670,
216054780,
216384449,
216461160,
216585399,
216588630,
216619611,
216629865,
216949168,
217034122,
217044967,
217055468,
217602225,
217790545,
217988354,
218094936,
218226665,
218353329,
218709580,
218849971,
218978410,
219195982,
21927058,
219335776,
219521053,
219597247,
219743581,
219857278,
220504712,
220566341,
221443852,
222037018,
222413782,
222445624,
222722107,
222938903,
223872741,
223900782,
224079755,
224208960,
224261682,
224456606,
225242920,
225265741,
225321359,
225526344,
225757830,
225817121,
226195686,
226212983,
226403420,
226439891,
22747925,
227674612,
227936164,
228378643,
228824292,
229441656,
229888170,
23020449,
230420501,
230620143,
231055322,
231451859,
231894968,
232619116,
233028133,
233168217,
233211973,
233707050,
233761262,
233806553,
234092408,
234154496,
234283621,
234335008,
234557363,
234692620,
234708806,
234740564,
234790534,
234798460,
234930685,
23510662,
235332912,
235494319,
235681941,
236484869,
236535801,
236829846,
236884113,
236929156,
236997804,
237622676,
237835919,
237917146,
238116356,
238664298,
238944256,
238948752,
23911640,
239969267,
24042469,
24299034,
258963949,
259236211,
26838207,
27296972,
30064193,
30650603,
31325205,
32224700,
34538808,
35912883,
36565351,
37642016,
37686007,
37884792,
37931335,
38615661,
40671325,
41801776,
441103,
4411103,
44344129,
44401016,
45217884,
45247445,
45250727,
45499323,
46434761,
47168310,
47259483,
47287438,
4742352,
47887879,
4836804,
4972164,
50308222,
53025236,
53643993,
53831601,
53851279,
54210519,
54479091,
55197070,
55405720,
55809241,
56443555,
56975817,
57176766,
57459114,
57467424,
57685868,
58007816,
58197455,
58308342,
59957487,
61103053,
62224881,
62523311,
63331875,
64328385,
64644004,
64935586,
65227289,
65476882,
656927,
66176926,
66344798,
66522846,
6691040,
67018895,
67330242,
67716624,
67803650,
68178965,
68182389,
69465694,
69694039,
70264346,
70496338,
71096501,
71156729,
71525302,
71662049,
71934576,
72135366,
72147421,
72678411,
72754466,
7307987,
7335279,
7418245,
75158338,
75372362,
75373019,
76173979,
76818771,
77057472,
77284389,
78571860,
78894994,
78903064,
79196745,
79532792,
79567840,
79572181,
80824776,
81173405,
81231445,
81530763,
81578020,
81700401,
81857656,
82039419,
82398154,
82666849,
82843887,
83088306,
83392821,
83477797,
83695350,
83695633,
83951612,
84029038,
84263278,
8429038,
84355976,
84572932,
84593939,
84858782,
84991111,
85375332,
8556818,
85661307,
86056011,
86081574,
86443828,
86791726,
87098433,
87834240,
88004437,
89113828,
89419285,
89427023,
89789241,
89847497,
90208731,
90337686,
90361374,
90505143,
90550844,
90692327,
90761744,
90903400,
90919929,
91054649,
91588825,
91702540,
91723142,
91875812,
91907799,
92054065,
9206411,
92558785,
92960653,
93646145,
93683507,
94085261,
94187839,
94316810,
94383700,
95196070,
95311150,
95355713,
95738698,
96165666,
96715532,
97142054,
97206824,
97804179,
97909139,
97973103,
97986042,
98034975,
98128903,
98255177,
98297601,
98543968,
98712722,
98885965,
99253801,
99306383